{
 "cells": [
  {
   "cell_type": "code",
   "execution_count": 1,
   "metadata": {},
   "outputs": [],
   "source": [
    "import numpy as np\n",
    "import pandas as pd\n",
    "from functools import reduce"
   ]
  },
  {
   "cell_type": "code",
   "execution_count": 2,
   "metadata": {},
   "outputs": [
    {
     "name": "stdout",
     "output_type": "stream",
     "text": [
      "(37, 7)\n"
     ]
    },
    {
     "data": {
      "text/html": [
       "<div>\n",
       "<style scoped>\n",
       "    .dataframe tbody tr th:only-of-type {\n",
       "        vertical-align: middle;\n",
       "    }\n",
       "\n",
       "    .dataframe tbody tr th {\n",
       "        vertical-align: top;\n",
       "    }\n",
       "\n",
       "    .dataframe thead th {\n",
       "        text-align: right;\n",
       "    }\n",
       "</style>\n",
       "<table border=\"1\" class=\"dataframe\">\n",
       "  <thead>\n",
       "    <tr style=\"text-align: right;\">\n",
       "      <th></th>\n",
       "      <th>Date</th>\n",
       "      <th>hdfc</th>\n",
       "      <th>itc</th>\n",
       "      <th>l&amp;t</th>\n",
       "      <th>m&amp;m</th>\n",
       "      <th>sunpha</th>\n",
       "      <th>tcs</th>\n",
       "    </tr>\n",
       "  </thead>\n",
       "  <tbody>\n",
       "    <tr>\n",
       "      <th>0</th>\n",
       "      <td>June 2018</td>\n",
       "      <td>2108.05</td>\n",
       "      <td>266.05</td>\n",
       "      <td>1271.3</td>\n",
       "      <td>896.80</td>\n",
       "      <td>560.55</td>\n",
       "      <td>1847.20</td>\n",
       "    </tr>\n",
       "    <tr>\n",
       "      <th>1</th>\n",
       "      <td>May 2018</td>\n",
       "      <td>2136.15</td>\n",
       "      <td>271.60</td>\n",
       "      <td>1367.6</td>\n",
       "      <td>923.50</td>\n",
       "      <td>480.15</td>\n",
       "      <td>1744.80</td>\n",
       "    </tr>\n",
       "    <tr>\n",
       "      <th>2</th>\n",
       "      <td>Apr 2018</td>\n",
       "      <td>1944.60</td>\n",
       "      <td>281.45</td>\n",
       "      <td>1400.6</td>\n",
       "      <td>872.65</td>\n",
       "      <td>528.15</td>\n",
       "      <td>1765.70</td>\n",
       "    </tr>\n",
       "    <tr>\n",
       "      <th>3</th>\n",
       "      <td>Mar 2018</td>\n",
       "      <td>1891.45</td>\n",
       "      <td>255.90</td>\n",
       "      <td>1311.9</td>\n",
       "      <td>740.20</td>\n",
       "      <td>495.40</td>\n",
       "      <td>1424.65</td>\n",
       "    </tr>\n",
       "    <tr>\n",
       "      <th>4</th>\n",
       "      <td>Feb 2018</td>\n",
       "      <td>1883.80</td>\n",
       "      <td>265.10</td>\n",
       "      <td>1319.1</td>\n",
       "      <td>728.75</td>\n",
       "      <td>535.35</td>\n",
       "      <td>1519.13</td>\n",
       "    </tr>\n",
       "  </tbody>\n",
       "</table>\n",
       "</div>"
      ],
      "text/plain": [
       "        Date     hdfc     itc     l&t     m&m  sunpha      tcs\n",
       "0  June 2018  2108.05  266.05  1271.3  896.80  560.55  1847.20\n",
       "1   May 2018  2136.15  271.60  1367.6  923.50  480.15  1744.80\n",
       "2   Apr 2018  1944.60  281.45  1400.6  872.65  528.15  1765.70\n",
       "3   Mar 2018  1891.45  255.90  1311.9  740.20  495.40  1424.65\n",
       "4   Feb 2018  1883.80  265.10  1319.1  728.75  535.35  1519.13"
      ]
     },
     "execution_count": 2,
     "metadata": {},
     "output_type": "execute_result"
    }
   ],
   "source": [
    "files=['hdfc.csv','itc.csv','l&t.csv','m&m.csv','sunpha.csv','tcs.csv']\n",
    "dfs=[]\n",
    "\n",
    "for file in files:\n",
    "    temp=pd.read_csv(file)\n",
    "    temp.columns=['Date',file.replace('.csv','')]\n",
    "    dfs.append(temp)\n",
    "\n",
    "stocks = reduce(lambda left,right: pd.merge(left,right,on='Date'), dfs)\n",
    "print(stocks.shape)\n",
    "stocks.head()"
   ]
  },
  {
   "cell_type": "code",
   "execution_count": 3,
   "metadata": {},
   "outputs": [],
   "source": [
    "def hist_return(months):\n",
    "    ''' It calculates Stock returns for various months and returns a dataframe.\n",
    "        Input: Months in the form of a list.\n",
    "        Output: Historical returns in the form of a DataFrame. '''\n",
    "    idx=[]\n",
    "    df=pd.DataFrame()\n",
    "    for mon in months:\n",
    "        temp=(stocks.iloc[0,1:] - stocks.iloc[mon,1:])/(stocks.iloc[mon,1:])\n",
    "        idx.append(str(mon)+'_mon_return')\n",
    "        df=pd.concat([df, temp.to_frame().T], ignore_index=True)\n",
    "    df.index=idx\n",
    "    return df    "
   ]
  },
  {
   "cell_type": "code",
   "execution_count": 4,
   "metadata": {},
   "outputs": [
    {
     "data": {
      "text/html": [
       "<div>\n",
       "<style scoped>\n",
       "    .dataframe tbody tr th:only-of-type {\n",
       "        vertical-align: middle;\n",
       "    }\n",
       "\n",
       "    .dataframe tbody tr th {\n",
       "        vertical-align: top;\n",
       "    }\n",
       "\n",
       "    .dataframe thead th {\n",
       "        text-align: right;\n",
       "    }\n",
       "</style>\n",
       "<table border=\"1\" class=\"dataframe\">\n",
       "  <thead>\n",
       "    <tr style=\"text-align: right;\">\n",
       "      <th></th>\n",
       "      <th>hdfc</th>\n",
       "      <th>itc</th>\n",
       "      <th>l&amp;t</th>\n",
       "      <th>m&amp;m</th>\n",
       "      <th>sunpha</th>\n",
       "      <th>tcs</th>\n",
       "    </tr>\n",
       "  </thead>\n",
       "  <tbody>\n",
       "    <tr>\n",
       "      <th>3_mon_return</th>\n",
       "      <td>0.114515</td>\n",
       "      <td>0.039664</td>\n",
       "      <td>-0.030947</td>\n",
       "      <td>0.211564</td>\n",
       "      <td>0.13151</td>\n",
       "      <td>0.296599</td>\n",
       "    </tr>\n",
       "    <tr>\n",
       "      <th>6_mon_return</th>\n",
       "      <td>0.125163</td>\n",
       "      <td>0.011212</td>\n",
       "      <td>0.011417</td>\n",
       "      <td>0.194062</td>\n",
       "      <td>-0.017957</td>\n",
       "      <td>0.368094</td>\n",
       "    </tr>\n",
       "    <tr>\n",
       "      <th>12_mon_return</th>\n",
       "      <td>0.275866</td>\n",
       "      <td>-0.178478</td>\n",
       "      <td>0.129783</td>\n",
       "      <td>0.330899</td>\n",
       "      <td>0.010911</td>\n",
       "      <td>0.562537</td>\n",
       "    </tr>\n",
       "    <tr>\n",
       "      <th>24_mon_return</th>\n",
       "      <td>0.792712</td>\n",
       "      <td>0.084237</td>\n",
       "      <td>0.274461</td>\n",
       "      <td>0.255179</td>\n",
       "      <td>-0.265911</td>\n",
       "      <td>0.44833</td>\n",
       "    </tr>\n",
       "    <tr>\n",
       "      <th>36_mon_return</th>\n",
       "      <td>0.974847</td>\n",
       "      <td>0.266844</td>\n",
       "      <td>0.069614</td>\n",
       "      <td>0.399938</td>\n",
       "      <td>-0.358785</td>\n",
       "      <td>0.447535</td>\n",
       "    </tr>\n",
       "  </tbody>\n",
       "</table>\n",
       "</div>"
      ],
      "text/plain": [
       "                   hdfc       itc       l&t       m&m    sunpha       tcs\n",
       "3_mon_return   0.114515  0.039664 -0.030947  0.211564   0.13151  0.296599\n",
       "6_mon_return   0.125163  0.011212  0.011417  0.194062 -0.017957  0.368094\n",
       "12_mon_return  0.275866 -0.178478  0.129783  0.330899  0.010911  0.562537\n",
       "24_mon_return  0.792712  0.084237  0.274461  0.255179 -0.265911   0.44833\n",
       "36_mon_return  0.974847  0.266844  0.069614  0.399938 -0.358785  0.447535"
      ]
     },
     "execution_count": 4,
     "metadata": {},
     "output_type": "execute_result"
    }
   ],
   "source": [
    "hist_stock_returns=hist_return([3,6,12,24,36])\n",
    "hist_stock_returns"
   ]
  },
  {
   "cell_type": "code",
   "execution_count": 5,
   "metadata": {},
   "outputs": [
    {
     "data": {
      "text/plain": [
       "0.6030072726626011"
      ]
     },
     "execution_count": 5,
     "metadata": {},
     "output_type": "execute_result"
    }
   ],
   "source": [
    "gene = np.random.rand()\n",
    "gene"
   ]
  },
  {
   "cell_type": "code",
   "execution_count": 6,
   "metadata": {},
   "outputs": [],
   "source": [
    "import time\n",
    "def gen_mc_grid(rows, cols, n, N):  # , xfname): generate monte carlo wind farm layout grids\n",
    "        np.random.seed(seed=int(time.time()))  # init random seed\n",
    "        layouts = np.zeros((n, rows * cols), dtype=np.int32)  # one row is a layout\n",
    "        # layouts_cr = np.zeros((n*, 2), dtype=np.float32)  # layouts column row index\n",
    "        positionX = np.random.randint(0, cols, size=(N * n * 2))\n",
    "        positionY = np.random.randint(0, rows, size=(N * n * 2))\n",
    "        ind_rows = 0  # index of layouts from 0 to n-1\n",
    "        ind_pos = 0  # index of positionX, positionY from 0 to N*n*2-1\n",
    "        # ind_crs = 0\n",
    "        while ind_rows < n:\n",
    "            layouts[ind_rows, positionX[ind_pos] + positionY[ind_pos] * cols] = 1\n",
    "            if np.sum(layouts[ind_rows, :]) == N:\n",
    "                # for ind in range(rows * cols):\n",
    "                #     if layouts[ind_rows, ind] == 1:\n",
    "                #         r_i = np.floor(ind / cols)\n",
    "                #         c_i = np.floor(ind - r_i * cols)\n",
    "                #         layouts_cr[ind_crs, 0] = c_i\n",
    "                #         layouts_cr[ind_crs, 1] = r_i\n",
    "                #         ind_crs += 1\n",
    "                ind_rows += 1\n",
    "            ind_pos += 1\n",
    "            if ind_pos >= N * n * 2:\n",
    "                print(\"Not enough positions\")\n",
    "                break\n",
    "        # filename = \"positions{}by{}by{}N{}.dat\".format(rows, cols, n, N)\n",
    "#         np.savetxt(lofname, layouts, fmt='%d', delimiter=\"  \")\n",
    "        # np.savetxt(xfname, layouts_cr, fmt='%d', delimiter=\"  \")\n",
    "        return layouts\n",
    "\n",
    "def gen_mc_grid_with_NA_loc(rows, cols, n, N,NA_loc):  # , xfname): generate monte carlo wind farm layout grids\n",
    "        np.random.seed(seed=int(time.time()))  # init random seed\n",
    "        layouts = np.zeros((n, rows * cols), dtype=np.int32)  # one row is a layout, NA loc is 0\n",
    "\n",
    "        layouts_NA= np.zeros((n, rows * cols), dtype=np.int32)  # one row is a layout, NA loc is 2\n",
    "        for i in NA_loc:\n",
    "            layouts_NA[:,i-1]=2\n",
    "\n",
    "        # layouts_cr = np.zeros((n*, 2), dtype=np.float32)  # layouts column row index\n",
    "        positionX = np.random.randint(0, cols, size=(N * n * 2))\n",
    "        positionY = np.random.randint(0, rows, size=(N * n * 2))\n",
    "        ind_rows = 0  # index of layouts from 0 to n-1\n",
    "        ind_pos = 0  # index of positionX, positionY from 0 to N*n*2-1\n",
    "        # ind_crs = 0\n",
    "        N_count=0\n",
    "        while ind_rows < n:\n",
    "            cur_state=layouts_NA[ind_rows, positionX[ind_pos] + positionY[ind_pos] * cols]\n",
    "            if cur_state!=1 and cur_state!=2:\n",
    "                layouts[ind_rows, positionX[ind_pos] + positionY[ind_pos] * cols]=1\n",
    "                layouts_NA[ind_rows, positionX[ind_pos] + positionY[ind_pos] * cols] = 1\n",
    "                N_count+=1\n",
    "                if np.sum(layouts[ind_rows, :]) == N:\n",
    "                    ind_rows += 1\n",
    "                    N_count=0\n",
    "            ind_pos += 1\n",
    "            if ind_pos >= N * n * 2:\n",
    "                print(\"Not enough positions\")\n",
    "                break\n",
    "        # filename = \"positions{}by{}by{}N{}.dat\".format(rows, cols, n, N)\n",
    "#         np.savetxt(lofname, layouts, fmt='%d', delimiter=\"  \")\n",
    "#         np.savetxt(loNAfname, layouts_NA, fmt='%d', delimiter=\"  \")\n",
    "        # np.savetxt(xfname, layouts_cr, fmt='%d', delimiter=\"  \")\n",
    "        return layouts,layouts_NA"
   ]
  },
  {
   "cell_type": "code",
   "execution_count": 7,
   "metadata": {},
   "outputs": [
    {
     "name": "stdout",
     "output_type": "stream",
     "text": [
      "Not enough positions\n",
      "Not enough positions\n"
     ]
    },
    {
     "data": {
      "text/plain": [
       "(array([[0, 0, 0, ..., 1, 1, 0],\n",
       "        [0, 0, 0, ..., 0, 0, 0],\n",
       "        [0, 0, 0, ..., 0, 0, 0],\n",
       "        ...,\n",
       "        [0, 0, 0, ..., 0, 0, 0],\n",
       "        [0, 0, 0, ..., 0, 0, 0],\n",
       "        [0, 0, 0, ..., 0, 0, 0]]),\n",
       " array([[2, 2, 2, ..., 1, 1, 2],\n",
       "        [2, 2, 2, ..., 0, 0, 2],\n",
       "        [2, 2, 2, ..., 0, 0, 2],\n",
       "        ...,\n",
       "        [2, 2, 2, ..., 0, 0, 2],\n",
       "        [2, 2, 2, ..., 0, 0, 2],\n",
       "        [2, 2, 2, ..., 0, 0, 2]]))"
      ]
     },
     "execution_count": 7,
     "metadata": {},
     "output_type": "execute_result"
    }
   ],
   "source": [
    "gen_mc_grid(5, 5, 100, 50)\n",
    "gen_mc_grid_with_NA_loc(5, 5, 100, 50,range(10))"
   ]
  },
  {
   "cell_type": "code",
   "execution_count": 8,
   "metadata": {},
   "outputs": [],
   "source": [
    "def chromosome(n):\n",
    "    ''' Generates set of random numbers whose sum is equal to 1\n",
    "        Input: Number of stocks.\n",
    "        Output: Array of random numbers'''\n",
    "    ch = np.random.rand(n)\n",
    "    return ch/sum(ch)"
   ]
  },
  {
   "cell_type": "code",
   "execution_count": 9,
   "metadata": {},
   "outputs": [
    {
     "name": "stdout",
     "output_type": "stream",
     "text": [
      "[0.21378824 0.13368054 0.1700493  0.12280773 0.19639131 0.16328287] 1.0\n"
     ]
    }
   ],
   "source": [
    "child=chromosome(6)\n",
    "print(child,sum(child))"
   ]
  },
  {
   "cell_type": "code",
   "execution_count": 10,
   "metadata": {},
   "outputs": [
    {
     "name": "stdout",
     "output_type": "stream",
     "text": [
      "(100, 6)\n",
      "[[0.1545743  0.08776359 0.04837439 0.22267164 0.2336672  0.25294887]\n",
      " [0.23557834 0.09956653 0.11013537 0.23976711 0.14730245 0.16765019]\n",
      " [0.21217937 0.06625657 0.06587634 0.25888307 0.2551301  0.14167455]\n",
      " [0.17420555 0.22292233 0.08225937 0.05632142 0.31743124 0.14686008]\n",
      " [0.09686026 0.18813382 0.24566263 0.1136736  0.1549731  0.2006966 ]\n",
      " [0.2269158  0.07207576 0.23805289 0.03478667 0.09472715 0.33344174]\n",
      " [0.25531786 0.04900642 0.19391984 0.12780738 0.11310755 0.26084096]\n",
      " [0.04673312 0.08348231 0.14869354 0.26896604 0.28521359 0.1669114 ]\n",
      " [0.17338997 0.24018553 0.01484474 0.18296755 0.18324008 0.20537214]\n",
      " [0.16013407 0.11146773 0.23668559 0.20731414 0.15239303 0.13200543]\n",
      " [0.20833171 0.06154419 0.23166917 0.13345701 0.11008572 0.2549122 ]\n",
      " [0.18636536 0.06257701 0.19687536 0.26611803 0.11927038 0.16879385]\n",
      " [0.28843027 0.06312009 0.31529873 0.04032923 0.21307014 0.07975154]\n",
      " [0.18140911 0.15861355 0.00468267 0.22968128 0.20907339 0.21653999]\n",
      " [0.12245889 0.18743459 0.2189455  0.162952   0.17477176 0.13343725]\n",
      " [0.10250896 0.01400624 0.19076399 0.29217751 0.37395324 0.02659006]\n",
      " [0.25256153 0.21256838 0.06518624 0.19882478 0.26060142 0.01025765]\n",
      " [0.26836698 0.28594519 0.01932097 0.22602886 0.00589413 0.19444387]\n",
      " [0.19258631 0.22099545 0.13835099 0.15511108 0.08752714 0.20542904]\n",
      " [0.04545663 0.15518184 0.51159747 0.10150642 0.04809043 0.13816721]\n",
      " [0.03916898 0.22485628 0.00399854 0.20647552 0.24080338 0.2846973 ]\n",
      " [0.30054722 0.01608691 0.09336126 0.21047703 0.25826131 0.12126627]\n",
      " [0.10631926 0.00406831 0.19221716 0.29804783 0.16832811 0.23101934]\n",
      " [0.28230069 0.1522902  0.2355705  0.12387626 0.12621876 0.07974359]\n",
      " [0.04871606 0.0270821  0.57681458 0.10543549 0.04506381 0.19688796]\n",
      " [0.37126528 0.05073015 0.0651141  0.1595057  0.04019609 0.31318868]\n",
      " [0.15707484 0.03742526 0.35748948 0.21090918 0.05263015 0.18447109]\n",
      " [0.12008555 0.24212835 0.07254293 0.24207627 0.14211219 0.18105471]\n",
      " [0.22168857 0.02638148 0.02938169 0.20110597 0.44756528 0.073877  ]\n",
      " [0.05597769 0.29894486 0.20418817 0.16778816 0.02826652 0.2448346 ]\n",
      " [0.33528561 0.08569016 0.31352939 0.07530849 0.02971324 0.16047312]\n",
      " [0.17070226 0.28649911 0.12844916 0.01465317 0.27613051 0.1235658 ]\n",
      " [0.09986444 0.17241908 0.15660268 0.28500367 0.11008328 0.17602685]\n",
      " [0.33301411 0.25692303 0.18448385 0.0500609  0.08796931 0.08754881]\n",
      " [0.06413057 0.09637157 0.32854068 0.25864623 0.16089244 0.09141851]\n",
      " [0.23638772 0.10200558 0.20306457 0.3231484  0.12843114 0.00696259]\n",
      " [0.13891171 0.14694007 0.01092658 0.29505916 0.24624075 0.16192174]\n",
      " [0.21381418 0.21426413 0.22444884 0.19565333 0.13094728 0.02087225]\n",
      " [0.03133463 0.3033458  0.20465815 0.16445754 0.14221595 0.15398792]\n",
      " [0.15624502 0.11974926 0.07643494 0.42695318 0.1863989  0.03421869]\n",
      " [0.23953707 0.25203107 0.14350511 0.02696755 0.17423412 0.16372508]\n",
      " [0.13341413 0.23613531 0.02048361 0.26797999 0.01009975 0.33188721]\n",
      " [0.39444654 0.15007883 0.162867   0.00816515 0.20390111 0.08054137]\n",
      " [0.02913082 0.24446467 0.2394743  0.24296463 0.16534225 0.07862333]\n",
      " [0.20587943 0.12830902 0.19384551 0.08868111 0.00523482 0.37805011]\n",
      " [0.16379065 0.09630777 0.05701319 0.0939916  0.25773837 0.33115842]\n",
      " [0.0165657  0.04652513 0.36459838 0.09686819 0.47267165 0.00277095]\n",
      " [0.23043387 0.15991094 0.15520426 0.12235004 0.10073574 0.23136515]\n",
      " [0.02812984 0.37854538 0.17971773 0.19351564 0.02830747 0.19178394]\n",
      " [0.29391736 0.3323577  0.0980715  0.04004197 0.19969856 0.03591291]\n",
      " [0.15471343 0.23497134 0.21155766 0.17105283 0.22032818 0.00737656]\n",
      " [0.24305041 0.35406556 0.08965671 0.03028482 0.22344111 0.05950139]\n",
      " [0.06246735 0.19366832 0.24385834 0.30190253 0.10873465 0.08936882]\n",
      " [0.12489496 0.16362057 0.32377856 0.05492959 0.09795227 0.23482403]\n",
      " [0.31337689 0.26698047 0.11265575 0.01629565 0.27409322 0.01659803]\n",
      " [0.29556405 0.10170842 0.20431667 0.01510284 0.2539426  0.12936543]\n",
      " [0.05687469 0.2122867  0.23870774 0.07360956 0.34397981 0.07454148]\n",
      " [0.13104603 0.34391262 0.25127554 0.07575488 0.0540081  0.14400283]\n",
      " [0.23139437 0.19839096 0.07404673 0.17625528 0.23753186 0.08238081]\n",
      " [0.06421344 0.17233782 0.16430573 0.17529322 0.2240596  0.19979018]\n",
      " [0.02722833 0.14297119 0.14685317 0.24762366 0.21378809 0.22153556]\n",
      " [0.23064737 0.15290097 0.11350428 0.07107406 0.32881398 0.10305933]\n",
      " [0.16565888 0.27922679 0.0968392  0.01855895 0.22564325 0.21407293]\n",
      " [0.28656518 0.1497104  0.11633202 0.05636694 0.11077635 0.28024912]\n",
      " [0.28703105 0.13007543 0.30862037 0.18166148 0.00442523 0.08818644]\n",
      " [0.10583158 0.22190222 0.22782271 0.14083072 0.11280404 0.19080872]\n",
      " [0.02022875 0.17201093 0.02384824 0.30126337 0.25242172 0.23022699]\n",
      " [0.12119108 0.09712021 0.22481273 0.20988366 0.22355742 0.12343489]\n",
      " [0.25722043 0.0343612  0.23012235 0.18367878 0.08396638 0.21065086]\n",
      " [0.01764259 0.29891745 0.04504407 0.24251413 0.29242329 0.10345845]\n",
      " [0.14615205 0.26211267 0.04781817 0.25826388 0.21471459 0.07093863]\n",
      " [0.20638082 0.17105602 0.17502389 0.25557159 0.09138499 0.10058268]\n",
      " [0.04878249 0.22566052 0.34814407 0.31752282 0.03768603 0.02220407]\n",
      " [0.08921845 0.25710665 0.10386634 0.14805469 0.38810979 0.01364408]\n",
      " [0.37974393 0.24105586 0.07737259 0.19646452 0.02263439 0.08272871]\n",
      " [0.05831867 0.18715297 0.21738551 0.05376878 0.22736623 0.25600783]\n",
      " [0.25956118 0.10179937 0.18772918 0.13092949 0.18692428 0.1330565 ]\n",
      " [0.08151926 0.19441164 0.24140255 0.14871519 0.20174791 0.13220344]\n",
      " [0.11101594 0.2563241  0.16800529 0.18812139 0.10231471 0.17421857]\n",
      " [0.27025037 0.19159797 0.10768412 0.08030443 0.22777519 0.12238793]\n",
      " [0.13321715 0.28243387 0.18473731 0.13098543 0.25769474 0.0109315 ]\n",
      " [0.09424777 0.20249615 0.26785099 0.2275896  0.12619805 0.08161744]\n",
      " [0.19784214 0.16990995 0.01177661 0.56197117 0.00143902 0.05706112]\n",
      " [0.11044663 0.09197807 0.09810718 0.47181477 0.04038711 0.18726624]\n",
      " [0.03714001 0.13896687 0.25037313 0.18054287 0.10280215 0.29017498]\n",
      " [0.02100244 0.22545483 0.0683995  0.26306502 0.28714299 0.13493522]\n",
      " [0.31389432 0.10113811 0.10486347 0.30347856 0.071912   0.10471354]\n",
      " [0.01353004 0.25560387 0.06346525 0.25754779 0.24299543 0.16685763]\n",
      " [0.20321896 0.00550786 0.23307268 0.11369846 0.15768761 0.28681444]\n",
      " [0.35834554 0.29436635 0.20036959 0.06968141 0.04153997 0.03569714]\n",
      " [0.11161851 0.27278851 0.27902615 0.28498722 0.02282244 0.02875717]\n",
      " [0.15898608 0.35463521 0.08862093 0.05899065 0.22924979 0.10951734]\n",
      " [0.24031639 0.16359601 0.21351848 0.15555388 0.17185709 0.05515816]\n",
      " [0.35223923 0.16641909 0.00412251 0.02986022 0.28415074 0.16320821]\n",
      " [0.25467299 0.09251108 0.07011878 0.11129453 0.35830364 0.11309897]\n",
      " [0.08383612 0.31709616 0.10997989 0.13220348 0.26699286 0.08989149]\n",
      " [0.27142673 0.12271618 0.19056054 0.3307715  0.0171079  0.06741715]\n",
      " [0.12220588 0.15112952 0.2825487  0.30748059 0.08357073 0.05306458]\n",
      " [0.23081242 0.12503359 0.08980995 0.18385678 0.25785114 0.11263611]\n",
      " [0.01573294 0.15044737 0.27038821 0.14380592 0.381731   0.03789456]]\n"
     ]
    }
   ],
   "source": [
    "n=6 # Number of stocks = 6\n",
    "pop_size=100 # initial population = 100\n",
    "\n",
    "population = np.array([chromosome(n) for _ in range(pop_size)])\n",
    "print(population.shape)\n",
    "print(population)"
   ]
  },
  {
   "cell_type": "code",
   "execution_count": 11,
   "metadata": {},
   "outputs": [
    {
     "name": "stdout",
     "output_type": "stream",
     "text": [
      "<class 'pandas.core.frame.DataFrame'>\n",
      "Index: 5 entries, 3_mon_return to 36_mon_return\n",
      "Data columns (total 6 columns):\n",
      " #   Column  Non-Null Count  Dtype \n",
      "---  ------  --------------  ----- \n",
      " 0   hdfc    5 non-null      object\n",
      " 1   itc     5 non-null      object\n",
      " 2   l&t     5 non-null      object\n",
      " 3   m&m     5 non-null      object\n",
      " 4   sunpha  5 non-null      object\n",
      " 5   tcs     5 non-null      object\n",
      "dtypes: object(6)\n",
      "memory usage: 280.0+ bytes\n",
      "None\n",
      "<class 'pandas.core.frame.DataFrame'>\n",
      "Index: 5 entries, 3_mon_return to 36_mon_return\n",
      "Data columns (total 6 columns):\n",
      " #   Column  Non-Null Count  Dtype  \n",
      "---  ------  --------------  -----  \n",
      " 0   hdfc    5 non-null      float64\n",
      " 1   itc     5 non-null      float64\n",
      " 2   l&t     5 non-null      float64\n",
      " 3   m&m     5 non-null      float64\n",
      " 4   sunpha  5 non-null      float64\n",
      " 5   tcs     5 non-null      float64\n",
      "dtypes: float64(6)\n",
      "memory usage: 280.0+ bytes\n",
      "None\n"
     ]
    }
   ],
   "source": [
    "# Convert to numeric columns from Object datatypes.\n",
    "print(hist_stock_returns.info())\n",
    "cols=hist_stock_returns.columns\n",
    "hist_stock_returns[cols] = hist_stock_returns[cols].apply(pd.to_numeric, errors='coerce')\n",
    "print(hist_stock_returns.info())"
   ]
  },
  {
   "cell_type": "code",
   "execution_count": 12,
   "metadata": {},
   "outputs": [
    {
     "name": "stdout",
     "output_type": "stream",
     "text": [
      "            hdfc       itc       l&t       m&m    sunpha       tcs\n",
      "hdfc    0.160272  0.045393  0.027916  0.024127 -0.079078  0.014362\n",
      "itc     0.045393  0.025467 -0.000718  0.004381 -0.023178 -0.005554\n",
      "l&t     0.027916 -0.000718  0.014206  0.002510 -0.013841  0.007330\n",
      "m&m     0.024127  0.004381  0.002510  0.007412 -0.011042  0.005700\n",
      "sunpha -0.079078 -0.023178 -0.013841 -0.011042  0.041781 -0.007211\n",
      "tcs     0.014362 -0.005554  0.007330  0.005700 -0.007211  0.009923\n"
     ]
    },
    {
     "data": {
      "text/html": [
       "<div>\n",
       "<style scoped>\n",
       "    .dataframe tbody tr th:only-of-type {\n",
       "        vertical-align: middle;\n",
       "    }\n",
       "\n",
       "    .dataframe tbody tr th {\n",
       "        vertical-align: top;\n",
       "    }\n",
       "\n",
       "    .dataframe thead th {\n",
       "        text-align: right;\n",
       "    }\n",
       "</style>\n",
       "<table border=\"1\" class=\"dataframe\">\n",
       "  <thead>\n",
       "    <tr style=\"text-align: right;\">\n",
       "      <th></th>\n",
       "      <th>hdfc</th>\n",
       "      <th>itc</th>\n",
       "      <th>l&amp;t</th>\n",
       "      <th>m&amp;m</th>\n",
       "      <th>sunpha</th>\n",
       "      <th>tcs</th>\n",
       "    </tr>\n",
       "  </thead>\n",
       "  <tbody>\n",
       "    <tr>\n",
       "      <th>hdfc</th>\n",
       "      <td>0.000000</td>\n",
       "      <td>0.045393</td>\n",
       "      <td>0.027916</td>\n",
       "      <td>0.024127</td>\n",
       "      <td>-0.079078</td>\n",
       "      <td>0.014362</td>\n",
       "    </tr>\n",
       "    <tr>\n",
       "      <th>itc</th>\n",
       "      <td>0.045393</td>\n",
       "      <td>0.000000</td>\n",
       "      <td>-0.000718</td>\n",
       "      <td>0.004381</td>\n",
       "      <td>-0.023178</td>\n",
       "      <td>-0.005554</td>\n",
       "    </tr>\n",
       "    <tr>\n",
       "      <th>l&amp;t</th>\n",
       "      <td>0.027916</td>\n",
       "      <td>-0.000718</td>\n",
       "      <td>0.000000</td>\n",
       "      <td>0.002510</td>\n",
       "      <td>-0.013841</td>\n",
       "      <td>0.007330</td>\n",
       "    </tr>\n",
       "    <tr>\n",
       "      <th>m&amp;m</th>\n",
       "      <td>0.024127</td>\n",
       "      <td>0.004381</td>\n",
       "      <td>0.002510</td>\n",
       "      <td>0.000000</td>\n",
       "      <td>-0.011042</td>\n",
       "      <td>0.005700</td>\n",
       "    </tr>\n",
       "    <tr>\n",
       "      <th>sunpha</th>\n",
       "      <td>-0.079078</td>\n",
       "      <td>-0.023178</td>\n",
       "      <td>-0.013841</td>\n",
       "      <td>-0.011042</td>\n",
       "      <td>0.000000</td>\n",
       "      <td>-0.007211</td>\n",
       "    </tr>\n",
       "    <tr>\n",
       "      <th>tcs</th>\n",
       "      <td>0.014362</td>\n",
       "      <td>-0.005554</td>\n",
       "      <td>0.007330</td>\n",
       "      <td>0.005700</td>\n",
       "      <td>-0.007211</td>\n",
       "      <td>0.000000</td>\n",
       "    </tr>\n",
       "  </tbody>\n",
       "</table>\n",
       "</div>"
      ],
      "text/plain": [
       "            hdfc       itc       l&t       m&m    sunpha       tcs\n",
       "hdfc    0.000000  0.045393  0.027916  0.024127 -0.079078  0.014362\n",
       "itc     0.045393  0.000000 -0.000718  0.004381 -0.023178 -0.005554\n",
       "l&t     0.027916 -0.000718  0.000000  0.002510 -0.013841  0.007330\n",
       "m&m     0.024127  0.004381  0.002510  0.000000 -0.011042  0.005700\n",
       "sunpha -0.079078 -0.023178 -0.013841 -0.011042  0.000000 -0.007211\n",
       "tcs     0.014362 -0.005554  0.007330  0.005700 -0.007211  0.000000"
      ]
     },
     "execution_count": 12,
     "metadata": {},
     "output_type": "execute_result"
    }
   ],
   "source": [
    "cov_hist_return=hist_stock_returns.cov()\n",
    "\n",
    "print(cov_hist_return)\n",
    "\n",
    "# For ease of calculations make covariance of same variable as zero.\n",
    "for i in range(6):\n",
    "    cov_hist_return.iloc[i][i]=0\n",
    "    \n",
    "cov_hist_return"
   ]
  },
  {
   "cell_type": "code",
   "execution_count": 13,
   "metadata": {},
   "outputs": [
    {
     "data": {
      "text/plain": [
       "hdfc      0.456621\n",
       "itc       0.044696\n",
       "l&t       0.090865\n",
       "m&m       0.278328\n",
       "sunpha   -0.100047\n",
       "tcs       0.424619\n",
       "dtype: float64"
      ]
     },
     "execution_count": 13,
     "metadata": {},
     "output_type": "execute_result"
    }
   ],
   "source": [
    "mean_hist_return=hist_stock_returns.mean()\n",
    "mean_hist_return"
   ]
  },
  {
   "cell_type": "code",
   "execution_count": 14,
   "metadata": {},
   "outputs": [
    {
     "data": {
      "text/plain": [
       "hdfc      0.400340\n",
       "itc       0.159583\n",
       "l&t       0.119189\n",
       "m&m       0.086091\n",
       "sunpha    0.204405\n",
       "tcs       0.099615\n",
       "dtype: float64"
      ]
     },
     "execution_count": 14,
     "metadata": {},
     "output_type": "execute_result"
    }
   ],
   "source": [
    "sd_hist_return=hist_stock_returns.std()\n",
    "sd_hist_return"
   ]
  },
  {
   "cell_type": "code",
   "execution_count": 15,
   "metadata": {},
   "outputs": [],
   "source": [
    "def mean_portfolio_return(child):\n",
    "    return np.sum(np.multiply(child,mean_hist_return))"
   ]
  },
  {
   "cell_type": "code",
   "execution_count": 16,
   "metadata": {},
   "outputs": [
    {
     "data": {
      "text/plain": [
       "0.22490517594261544"
      ]
     },
     "execution_count": 16,
     "metadata": {},
     "output_type": "execute_result"
    }
   ],
   "source": [
    "mean_portfolio_return(population[0])"
   ]
  },
  {
   "cell_type": "code",
   "execution_count": 17,
   "metadata": {},
   "outputs": [],
   "source": [
    "def var_portfolio_return(child):\n",
    "    part_1 = np.sum(np.multiply(child,sd_hist_return)**2)\n",
    "    temp_lst=[]\n",
    "    for i in range(6):\n",
    "        for j in range(6):\n",
    "            temp=cov_hist_return.iloc[i][j] * child[i] * child[j]\n",
    "            temp_lst.append(temp)\n",
    "    part_2=np.sum(temp_lst)\n",
    "    return part_1+part_2"
   ]
  },
  {
   "cell_type": "code",
   "execution_count": 18,
   "metadata": {},
   "outputs": [
    {
     "data": {
      "text/plain": [
       "0.0035921457089583097"
      ]
     },
     "execution_count": 18,
     "metadata": {},
     "output_type": "execute_result"
    }
   ],
   "source": [
    "var_portfolio_return(population[0])"
   ]
  },
  {
   "cell_type": "code",
   "execution_count": 19,
   "metadata": {},
   "outputs": [],
   "source": [
    "rf=7.12/100"
   ]
  },
  {
   "cell_type": "code",
   "execution_count": 20,
   "metadata": {},
   "outputs": [],
   "source": [
    "def fitness_fuction(child):\n",
    "    ''' This will return the Sharpe ratio for a particular portfolio.\n",
    "        Input: A child/chromosome (1D Array)\n",
    "        Output: Sharpe Ratio value (Scalar)'''\n",
    "    return (mean_portfolio_return(child)-rf)/np.sqrt(var_portfolio_return(child))"
   ]
  },
  {
   "cell_type": "code",
   "execution_count": 21,
   "metadata": {},
   "outputs": [
    {
     "data": {
      "text/plain": [
       "2.7302026366009113"
      ]
     },
     "execution_count": 21,
     "metadata": {},
     "output_type": "execute_result"
    }
   ],
   "source": [
    "fitness_fuction(population[7])"
   ]
  },
  {
   "cell_type": "code",
   "execution_count": 22,
   "metadata": {},
   "outputs": [],
   "source": [
    "def Select_elite_population(population, frac=0.3):\n",
    "    ''' Select elite population from the total population based on fitness function values.\n",
    "        Input: Population and fraction of population to be considered as elite.\n",
    "        Output: Elite population.'''\n",
    "    population = sorted(population,key = lambda x: fitness_fuction(x),reverse=True)\n",
    "    percentage_elite_idx = int(np.floor(len(population)* frac))\n",
    "    return population[:percentage_elite_idx]"
   ]
  },
  {
   "cell_type": "code",
   "execution_count": 23,
   "metadata": {},
   "outputs": [
    {
     "name": "stdout",
     "output_type": "stream",
     "text": [
      "30\n"
     ]
    },
    {
     "data": {
      "text/plain": [
       "[array([0.03916898, 0.22485628, 0.00399854, 0.20647552, 0.24080338,\n",
       "        0.2846973 ]),\n",
       " array([0.02022875, 0.17201093, 0.02384824, 0.30126337, 0.25242172,\n",
       "        0.23022699]),\n",
       " array([0.02722833, 0.14297119, 0.14685317, 0.24762366, 0.21378809,\n",
       "        0.22153556]),\n",
       " array([0.01353004, 0.25560387, 0.06346525, 0.25754779, 0.24299543,\n",
       "        0.16685763]),\n",
       " array([0.16379065, 0.09630777, 0.05701319, 0.0939916 , 0.25773837,\n",
       "        0.33115842]),\n",
       " array([0.04673312, 0.08348231, 0.14869354, 0.26896604, 0.28521359,\n",
       "        0.1669114 ]),\n",
       " array([0.1545743 , 0.08776359, 0.04837439, 0.22267164, 0.2336672 ,\n",
       "        0.25294887]),\n",
       " array([0.06421344, 0.17233782, 0.16430573, 0.17529322, 0.2240596 ,\n",
       "        0.19979018]),\n",
       " array([0.02100244, 0.22545483, 0.0683995 , 0.26306502, 0.28714299,\n",
       "        0.13493522]),\n",
       " array([0.05831867, 0.18715297, 0.21738551, 0.05376878, 0.22736623,\n",
       "        0.25600783]),\n",
       " array([0.10631926, 0.00406831, 0.19221716, 0.29804783, 0.16832811,\n",
       "        0.23101934]),\n",
       " array([0.03714001, 0.13896687, 0.25037313, 0.18054287, 0.10280215,\n",
       "        0.29017498]),\n",
       " array([0.13891171, 0.14694007, 0.01092658, 0.29505916, 0.24624075,\n",
       "        0.16192174]),\n",
       " array([0.22168857, 0.02638148, 0.02938169, 0.20110597, 0.44756528,\n",
       "        0.073877  ]),\n",
       " array([0.11044663, 0.09197807, 0.09810718, 0.47181477, 0.04038711,\n",
       "        0.18726624]),\n",
       " array([0.18140911, 0.15861355, 0.00468267, 0.22968128, 0.20907339,\n",
       "        0.21653999]),\n",
       " array([0.13341413, 0.23613531, 0.02048361, 0.26797999, 0.01009975,\n",
       "        0.33188721]),\n",
       " array([0.21217937, 0.06625657, 0.06587634, 0.25888307, 0.2551301 ,\n",
       "        0.14167455]),\n",
       " array([0.20321896, 0.00550786, 0.23307268, 0.11369846, 0.15768761,\n",
       "        0.28681444]),\n",
       " array([0.09986444, 0.17241908, 0.15660268, 0.28500367, 0.11008328,\n",
       "        0.17602685]),\n",
       " array([0.12119108, 0.09712021, 0.22481273, 0.20988366, 0.22355742,\n",
       "        0.12343489]),\n",
       " array([0.12008555, 0.24212835, 0.07254293, 0.24207627, 0.14211219,\n",
       "        0.18105471]),\n",
       " array([0.20587943, 0.12830902, 0.19384551, 0.08868111, 0.00523482,\n",
       "        0.37805011]),\n",
       " array([0.17338997, 0.24018553, 0.01484474, 0.18296755, 0.18324008,\n",
       "        0.20537214]),\n",
       " array([0.18636536, 0.06257701, 0.19687536, 0.26611803, 0.11927038,\n",
       "        0.16879385]),\n",
       " array([0.2269158 , 0.07207576, 0.23805289, 0.03478667, 0.09472715,\n",
       "        0.33344174]),\n",
       " array([0.20833171, 0.06154419, 0.23166917, 0.13345701, 0.11008572,\n",
       "        0.2549122 ]),\n",
       " array([0.15624502, 0.11974926, 0.07643494, 0.42695318, 0.1863989 ,\n",
       "        0.03421869]),\n",
       " array([0.09686026, 0.18813382, 0.24566263, 0.1136736 , 0.1549731 ,\n",
       "        0.2006966 ]),\n",
       " array([0.25531786, 0.04900642, 0.19391984, 0.12780738, 0.11310755,\n",
       "        0.26084096])]"
      ]
     },
     "execution_count": 23,
     "metadata": {},
     "output_type": "execute_result"
    }
   ],
   "source": [
    "print(len(Select_elite_population(population, frac=0.3)))\n",
    "Select_elite_population(population, frac=0.3)"
   ]
  },
  {
   "cell_type": "code",
   "execution_count": 24,
   "metadata": {},
   "outputs": [
    {
     "data": {
      "text/plain": [
       "[2.564552062499713, 1.6237151284261178, 1.9475995635866254]"
      ]
     },
     "execution_count": 24,
     "metadata": {},
     "output_type": "execute_result"
    }
   ],
   "source": [
    "[fitness_fuction(x) for x in population][:3]"
   ]
  },
  {
   "cell_type": "code",
   "execution_count": 25,
   "metadata": {},
   "outputs": [],
   "source": [
    "def mutation(parent):\n",
    "    ''' Randomy choosen elements of a chromosome are swapped\n",
    "        Input: Parent\n",
    "        Output: Offspring (1D Array)'''\n",
    "    child=parent.copy()\n",
    "    n=np.random.choice(range(6),2)\n",
    "    while (n[0]==n[1]):\n",
    "        n=np.random.choice(range(6),2)\n",
    "    child[n[0]],child[n[1]]=child[n[1]],child[n[0]]\n",
    "    return child"
   ]
  },
  {
   "cell_type": "code",
   "execution_count": 26,
   "metadata": {},
   "outputs": [
    {
     "data": {
      "text/plain": [
       "(array([0.23557834, 0.09956653, 0.11013537, 0.14730245, 0.23976711,\n",
       "        0.16765019]),\n",
       " array([0.23557834, 0.09956653, 0.11013537, 0.23976711, 0.14730245,\n",
       "        0.16765019]))"
      ]
     },
     "execution_count": 26,
     "metadata": {},
     "output_type": "execute_result"
    }
   ],
   "source": [
    "mutation(population[1]),population[1]"
   ]
  },
  {
   "cell_type": "code",
   "execution_count": 31,
   "metadata": {},
   "outputs": [],
   "source": [
    "def Heuristic_crossover(parent1,parent2):\n",
    "    ''' The oﬀsprings are created according to the equation:\n",
    "            Off_spring A = Best Parent  + β ∗ ( Best Parent − Worst Parent)\n",
    "            Off_spring B = Worst Parent - β ∗ ( Best Parent − Worst Parent)\n",
    "                Where β is a random number between 0 and 1.\n",
    "        Input: 2 Parents\n",
    "        Output: 2 Children (1d Array)'''\n",
    "    ff1=fitness_fuction(parent1)\n",
    "    ff2=fitness_fuction(parent2)\n",
    "    diff=parent1 - parent2\n",
    "    beta=np.random.rand()\n",
    "    if ff1>ff2:\n",
    "        child1=parent1 + beta * diff\n",
    "        child2=parent2 - beta * diff\n",
    "    else:\n",
    "        child2=parent1 + beta * diff\n",
    "        child1=parent2 - beta * diff\n",
    "    return child1,child2"
   ]
  },
  {
   "cell_type": "code",
   "execution_count": 36,
   "metadata": {},
   "outputs": [
    {
     "name": "stdout",
     "output_type": "stream",
     "text": [
      "(array([0.1545743 , 0.08776359, 0.04837439, 0.22267164, 0.2336672 ,\n",
      "       0.25294887]), array([0.1545743 , 0.08776359, 0.04837439, 0.22267164, 0.2336672 ,\n",
      "       0.25294887]))\n",
      "(array([0.18897188, 0.0927756 , 0.07460059, 0.22993107, 0.19699325,\n",
      "       0.21672761]), array([0.20118076, 0.09455453, 0.08390917, 0.23250769, 0.18397641,\n",
      "       0.20387145]))\n",
      "(array([0.1601279 , 0.08569014, 0.05006172, 0.22616272, 0.2357364 ,\n",
      "       0.24222111]), array([0.20662577, 0.06833003, 0.06418901, 0.25539199, 0.2530609 ,\n",
      "       0.15240231]))\n",
      "(array([0.15500068, 0.09069915, 0.04911035, 0.21905863, 0.2354865 ,\n",
